Date and time of run: 02-May-2012 16:16:50, Kurt L2 Nd AL g g g c
Input data:
Ri: 0.085            0.093            0.099            0.103            0.129            0.155
Ro: 0.093          0.09905         0.103005         0.129005         0.155005            0.179
Ec: 2000000000         7.2e+010        5.46e+010        5.46e+010        5.46e+010       1.551e+011
Er: 2000000000         7.2e+010        1.69e+010        1.69e+010        1.69e+010        1.11e+010
v: 0.33             0.33             0.25             0.25            0.296            0.296
p: 2800             2800             2146             2146             2146             1594
µ: 0.5              0.5              0.5              0.5              0.5                0
G: 800000000         2.8e+010       5000000000       5000000000       5000000000       3650000000
lr: 94001
h: 0.28
n: 30000
n_: 15000
sh: 6